%YAML:1.0
---
image_width: 640
image_height: 480
K1: !!opencv-matrix
   rows: 3
   cols: 3
   dt: d
   data: [ 536.07345484146435, 0., 342.37046620961598, 0.,
       536.01636467871674, 235.53687046629037, 0., 0., 1. ]
D1: !!opencv-matrix
   rows: 1
   cols: 5
   dt: d
   data: [ -0.26509045544902299, -0.046741734671832992,
       0.0018330147068927609, -0.00031469197461972062,
       0.25231117230020123 ]
K2: !!opencv-matrix
   rows: 3
   cols: 3
   dt: d
   data: [ 542.35493528961376, 0., 328.32422614106952, 0.,
       541.61515904515113, 246.94734175362336, 0., 0., 1. ]
D2: !!opencv-matrix
   rows: 1
   cols: 5
   dt: d
   data: [ -0.2805425129068686, 0.10432042806370519,
       -0.00055818439198729438, 0.0013035797177520098,
       -0.023717632753156574 ]
R: !!opencv-matrix
   rows: 3
   cols: 3
   dt: d
   data: [ 0.99998524177179948, 0.0041290524749900397,
       0.0035308871767004428, -0.0041280958133762483,
       0.99999144068214196, -0.00027818592668032446,
       -0.003532005599003843, 0.00026360598057730255,
       0.99999372770449702 ]
T: !!opencv-matrix
   rows: 3
   cols: 1
   dt: d
   data: [ -3.3442479692612537, 0.041721131851202659,
       0.052963930140496628 ]
E: !!opencv-matrix
   rows: 3
   cols: 3
   dt: d
   data: [ 7.1280906977710853e-05, -0.052952478865511118,
       0.041735603983921732, 0.041151245934841242, 0.0011002546120625826,
       3.3444140028115159, -0.027915140080418611, -3.3443916135226184,
       0.00078301011092689516 ]
F: !!opencv-matrix
   rows: 3
   cols: 3
   dt: d
   data: [ -3.843646257382171e-09, 2.8556353100426352e-06,
       -0.001877718873910132, -2.2220097924660774e-06,
       -5.9415865923946948e-08, -0.096032378226633103,
       0.0013663637154150234, 0.096894735956409475, 1. ]
R1: !!opencv-matrix
   rows: 3
   cols: 3
   dt: d
   data: [ 0.99988949310044228, -0.0083488089319687271,
       -0.012300364903439066, 0.0083470772614151045, 0.99996514408919446,
       -0.00019211420646790222, 0.012301540087820032,
       8.9420880329946562e-05, 0.99992432919465157 ]
R2: !!opencv-matrix
   rows: 3
   cols: 3
   dt: d
   data: [ 0.99979683263223829, -0.012472955313740514,
       -0.015834103835882501, 0.012475184292844738, 0.9999221809784512,
       4.2001867256380147e-05, 0.015832347754001507,
       -0.00023952669731227595, 0.99987463183719072 ]
P1: !!opencv-matrix
   rows: 3
   cols: 4
   dt: d
   data: [ 520.79570854721123, 0., 350.61189270019531, 0., 0.,
       520.79570854721123, 243.05367279052734, 0., 0., 0., 1., 0. ]
P2: !!opencv-matrix
   rows: 3
   cols: 4
   dt: d
   data: [ 520.79570854721123, 0., 350.61189270019531,
       -1742.0239131219937, 0., 520.79570854721123, 243.05367279052734,
       0., 0., 0., 1., 0. ]
Q: !!opencv-matrix
   rows: 4
   cols: 4
   dt: d
   data: [ 1., 0., 0., -350.61189270019531, 0., 1., 0.,
       -243.05367279052734, 0., 0., 0., 520.79570854721123, 0., 0.,
       0.29896013747242972, 0. ]
roi1: !!opencv-matrix
   rows: 4
   cols: 1
   dt: i
   data: [ 0, 0, 640, 480 ]
roi2: !!opencv-matrix
   rows: 4
   cols: 1
   dt: i
   data: [ 0, 0, 640, 479 ]
